==================================================
POSTING MIN: 4 Bytes
POSTING MAX: 20188 Bytes
POSTING AVG: 890 Bytes
CANT. FILES: 527
SIZE FILES:  469036 Bytes
OVERHEAD:    785708 Bytes
==================================================
ID DOC|OVERHEAD
--------------------------------------------------
1     |0.4309
2     |0.4839
3     |0.5450
4     |0.4700
5     |0.4045
6     |0.3978
7     |0.3672
8     |0.3985
9     |0.4410
10    |0.3798
11    |0.4383
12    |0.4521
13    |0.4397
14    |0.4225
15    |0.4099
16    |0.2818
17    |0.3551
18    |0.3042
19    |0.4366
20    |0.3611
21    |0.3252
22    |0.2250
23    |0.3134
24    |0.2150
25    |0.3613
26    |0.3090
27    |0.3714
28    |0.3530
29    |0.3014
30    |0.3620
31    |0.3662
32    |0.2878
33    |0.1944
34    |0.2382
35    |0.2240
36    |0.3246
37    |0.2815
38    |0.3084
39    |0.4504
40    |0.5839
41    |0.3759
42    |0.2562
43    |0.3338
44    |0.1827
45    |0.3357
46    |0.3298
47    |0.3119
48    |0.3564
49    |0.2843
50    |0.3385
51    |0.4460
52    |0.2939
53    |0.1463
54    |0.1496
55    |0.1168
56    |0.2632
57    |0.3074
58    |0.3826
59    |0.4219
60    |0.2347
61    |0.3515
62    |0.5098
63    |0.4842
64    |0.2554
65    |0.2405
66    |0.1337
67    |0.3409
68    |0.3742
69    |0.2549
70    |0.1794
71    |0.2986
72    |0.2442
73    |0.2378
74    |0.2267
75    |0.2385
76    |0.4620
77    |0.4090
78    |0.4735
79    |0.4256
80    |0.3404
81    |0.4254
82    |0.3870
83    |0.2820
84    |0.3131
85    |0.2690
86    |0.2797
87    |0.2874
88    |0.1332
89    |0.2484
90    |0.2008
91    |0.2227
92    |0.2238
93    |0.3256
94    |0.2962
95    |0.1502
96    |0.3131
97    |0.1347
98    |0.1366
99    |0.2776
100   |0.2260
101   |0.2795
102   |0.2300
103   |0.2614
104   |0.1325
105   |0.2510
106   |0.1938
107   |0.1356
108   |0.2672
109   |0.2314
110   |0.2479
111   |0.2340
112   |0.0628
113   |0.4800
114   |0.2033
115   |0.1272
116   |0.1281
117   |0.2025
118   |0.3117
119   |0.2172
120   |0.2429
121   |0.2053
122   |0.2085
123   |0.1983
124   |0.2064
125   |0.1249
126   |0.1135
127   |0.2627
128   |0.1481
129   |0.3351
130   |0.1156
131   |0.3326
132   |0.2983
133   |0.2535
134   |0.2328
135   |0.1382
136   |0.2535
137   |0.2535
138   |0.2535
139   |0.2535
140   |0.2317
141   |0.2485
142   |0.2491
143   |0.2313
144   |0.2459
145   |0.4790
146   |0.3263
147   |0.1238
148   |0.4719
149   |0.2722
150   |0.2771
151   |0.0948
152   |0.2115
153   |0.3180
154   |0.2542
155   |0.2333
156   |0.2651
157   |0.3244
158   |0.3326
159   |0.3238
160   |0.2776
161   |0.3589
162   |0.1573
163   |0.1225
164   |0.3389
165   |0.0592
166   |0.2375
167   |0.4043
168   |0.2798
169   |0.1566
170   |0.1045
171   |0.3084
172   |0.4673
173   |0.3351
174   |0.3960
175   |0.3469
176   |0.2324
177   |0.2370
178   |0.1733
179   |0.2497
180   |0.1884
181   |0.1430
182   |0.2431
183   |0.1770
184   |0.0915
185   |0.1459
186   |0.0995
187   |0.3254
188   |0.1522
189   |0.2533
190   |0.1662
191   |0.5207
192   |0.1621
193   |0.2758
194   |0.3564
195   |0.1432
196   |0.0830
197   |0.2192
198   |0.1344
199   |0.1696
200   |0.1104
201   |0.3110
202   |0.2601
203   |0.4545
204   |0.3349
205   |0.2388
206   |0.0183
207   |0.2495
208   |0.2848
209   |0.3128
210   |0.3670
211   |0.3206
212   |0.2911
213   |0.2670
214   |0.3265
215   |0.2269
216   |0.1204
217   |0.2083
218   |0.4080
219   |0.1260
220   |0.1691
221   |0.2634
222   |0.2862
223   |0.1192
224   |0.3525
225   |0.1109
226   |0.1877
227   |0.1996
228   |0.2331
229   |0.2007
230   |0.2133
231   |0.2133
232   |0.2133
233   |0.2000
234   |0.2581
235   |0.2581
236   |0.2581
237   |0.2581
238   |0.2581
239   |0.2581
240   |0.2581
241   |0.3453
242   |0.3388
243   |0.3070
244   |0.1576
245   |0.1841
246   |0.0296
247   |0.2300
248   |0.2237
249   |0.0834
250   |0.1549
251   |0.4310
252   |0.2713
253   |0.2607
254   |0.1657
255   |0.3468
256   |0.2495
257   |0.3322
258   |0.3456
259   |0.2676
260   |0.2590
261   |0.1655
262   |0.2768
263   |0.1194
264   |0.1453
265   |0.1063
266   |0.1717
267   |0.1246
268   |0.2333
269   |0.1864
270   |0.2060
271   |0.1317
272   |0.0723
273   |0.1741
274   |0.1374
275   |0.4291
276   |0.3323
277   |0.1451
278   |0.2586
279   |0.3230
280   |0.2416
281   |0.2220
282   |0.3139
283   |0.3082
284   |0.3252
285   |0.1439
286   |0.1088
287   |0.3352
288   |0.1739
289   |0.2558
290   |0.1711
291   |0.3209
292   |0.1647
293   |0.2320
294   |0.1722
295   |0.2697
296   |0.1154
297   |0.2217
298   |0.1289
299   |0.1168
300   |0.2670
301   |0.3463
302   |0.1142
303   |0.2117
304   |0.2289
305   |0.2102
306   |0.1962
307   |0.1879
308   |0.1851
309   |0.1967
310   |0.1980
311   |0.3278
312   |0.2891
313   |0.2118
314   |0.1607
315   |0.2773
316   |0.1648
317   |0.4930
318   |0.1230
319   |0.2909
320   |0.3153
321   |0.1720
322   |0.1494
323   |0.2983
324   |0.1871
325   |0.2129
326   |0.1401
327   |0.1551
328   |0.1707
329   |0.5000
330   |0.2613
331   |0.4975
332   |0.2470
333   |0.2640
334   |0.2471
335   |0.1066
336   |0.3222
337   |0.2278
338   |0.1628
339   |0.3711
340   |0.2286
341   |0.2089
342   |0.1251
343   |0.1130
344   |0.1033
345   |0.0646
346   |0.2243
347   |0.3293
348   |0.2152
349   |0.4319
350   |0.1979
351   |0.3505
352   |0.1993
353   |0.1667
354   |0.1446
355   |0.4703
356   |0.2492
357   |0.0801
358   |0.2371
359   |0.0566
360   |0.0814
361   |0.2226
362   |0.0974
363   |0.1786
364   |0.2349
365   |0.2807
366   |0.0620
367   |0.1752
368   |0.1135
369   |0.0626
370   |0.1436
371   |0.1511
372   |0.2478
373   |0.2088
374   |0.1048
375   |0.1813
376   |0.1318
377   |0.0774
378   |0.3164
379   |0.0330
380   |0.2578
381   |0.0483
382   |0.2652
383   |0.2579
384   |0.2728
385   |0.1124
386   |0.2246
387   |0.0689
388   |0.2372
389   |0.2269
390   |0.3137
391   |0.2451
392   |0.4941
393   |0.1854
394   |0.1887
395   |0.1392
396   |0.2415
397   |0.2553
398   |0.3104
399   |0.0998
400   |0.1695
401   |0.1877
402   |0.1677
403   |0.2587
404   |0.2270
405   |0.2488
406   |0.3018
407   |0.2933
408   |0.1523
409   |0.2281
410   |0.1457
411   |0.2537
412   |0.1374
413   |0.0679
414   |0.1045
415   |0.1455
416   |0.3128
417   |0.2225
418   |0.1453
419   |0.1815
420   |0.2646
421   |0.2343
422   |0.2119
423   |0.2483
424   |0.1175
425   |0.2410
426   |0.2791
427   |0.2032
428   |0.1731
429   |0.2127
430   |0.1171
431   |0.1157
432   |0.2665
433   |0.1907
434   |0.2163
435   |0.1541
436   |0.1897
437   |0.2405
438   |0.0464
439   |0.2198
440   |0.3432
441   |0.0545
442   |0.1679
443   |0.2694
444   |0.1536
445   |0.0755
446   |0.1370
447   |0.1950
448   |0.1913
449   |0.3135
450   |0.3251
451   |0.1980
452   |0.0335
453   |0.1352
454   |0.1896
455   |0.2498
456   |0.1087
457   |0.0378
458   |0.2606
459   |0.2504
460   |0.1392
461   |0.1929
462   |0.0682
463   |0.2140
464   |0.2412
465   |0.3357
466   |0.1836
467   |0.2827
468   |0.1934
469   |0.3090
470   |0.3076
471   |0.2880
472   |0.2726
473   |0.2402
474   |0.2765
475   |0.0767
476   |0.2043
477   |0.2027
478   |0.2220
479   |0.2123
480   |0.2400
481   |0.3218
482   |0.2238
483   |0.1369
484   |0.4751
485   |0.1213
486   |0.0832
487   |0.0972
488   |0.1529
489   |0.1617
490   |0.2312
491   |0.2146
492   |0.2322
493   |0.1496
494   |0.1287
495   |0.1325
496   |0.2037
497   |0.0247
498   |0.3083
499   |0.2508
500   |0.1861
501   |0.0506
502   |0.1217
503   |0.1827
504   |0.1711
505   |0.1274
506   |0.1835
507   |0.1706
508   |0.0479
509   |0.1069
510   |0.1797
511   |0.1970
512   |0.0894
513   |0.0651
514   |0.1798
515   |0.1390
516   |0.1570
517   |0.1569
518   |0.0684
519   |0.1395
520   |0.2526
521   |0.0900
522   |0.0660
523   |0.1675
524   |0.2056
525   |0.3444
526   |0.1621
527   |0.1441
